// Neural Network Weights and Biases
// Input Size: 32, Hidden Size: 4, Output Size: 2

hidden_weights[32][4]:
-0.061412 -0.084185 -0.096783 -0.068865 
0.083386 -0.023877 -0.079888 0.147569 
-0.051848 0.082751 -0.080663 -0.500190 
-0.098120 -0.017281 0.075872 0.181232 
0.006259 0.042386 -0.072936 -0.155109 
-0.062450 -0.049067 -0.080230 -0.076420 
-0.039506 -0.187735 0.024986 0.515799 
-0.089703 0.018498 0.026334 -0.399660 
0.039219 0.017247 -0.011283 0.236093 
0.083715 0.066212 -0.086853 0.280437 
0.008634 -0.043207 0.084283 0.152222 
-0.015415 0.009110 -0.083312 0.267129 
0.054765 0.075955 0.006296 0.601122 
0.047453 -0.146047 -0.006931 -0.201061 
-0.009470 -0.079836 -0.058678 0.192490 
-0.015879 -0.175187 0.043852 0.426835 
-0.012247 -0.071468 -0.043883 -0.423297 
0.078198 -0.118297 -0.033195 0.006942 
0.034214 -0.045861 -0.089080 0.307033 
0.004611 0.057588 0.031712 0.123908 
-0.084356 0.134946 0.097723 0.337880 
-0.025822 0.094503 -0.018894 -0.102891 
-0.077203 0.152306 0.003568 0.032418 
0.003098 0.041216 0.056108 0.422344 
0.083459 0.007484 -0.001169 0.341381 
-0.092511 -0.114000 -0.052849 -0.142469 
-0.080529 0.089774 -0.049522 0.382294 
0.022947 -0.034335 0.069817 0.402806 
-0.071203 0.168603 -0.039622 0.019100 
0.049040 0.164495 -0.034422 -0.274039 
-0.007492 0.172453 0.028562 0.272319 
0.018851 0.073116 0.027598 -0.042681 

hidden_bias[4]:
0.000000 -0.033494 0.000000 -0.082536 

output_weights[4][2]:
-0.093152 -0.064965 
0.312167 -0.312167 
-0.006461 -0.001810 
-0.686032 0.686032 

output_bias[2]:
1.000262 -0.000262 
